{
 "cells": [
  {
   "cell_type": "code",
   "execution_count": 16,
   "id": "24a8baf3",
   "metadata": {},
   "outputs": [
    {
     "name": "stdout",
     "output_type": "stream",
     "text": [
      "\n",
      "output shape torch.Size([150, 3])\n",
      "tensor([[0.2947, 0.3238, 0.3815],\n",
      "        [0.2906, 0.3205, 0.3889],\n",
      "        [0.2932, 0.3226, 0.3842],\n",
      "        [0.2939, 0.3223, 0.3838],\n",
      "        [0.2962, 0.3249, 0.3789],\n",
      "        [0.3005, 0.3271, 0.3724],\n",
      "        [0.2972, 0.3249, 0.3779],\n",
      "        [0.2948, 0.3234, 0.3818],\n",
      "        [0.2923, 0.3213, 0.3864],\n",
      "        [0.2914, 0.3210, 0.3876],\n",
      "        [0.2957, 0.3245, 0.3798],\n",
      "        [0.2964, 0.3241, 0.3795],\n",
      "        [0.2903, 0.3204, 0.3893],\n",
      "        [0.2913, 0.3216, 0.3870],\n",
      "        [0.2948, 0.3253, 0.3798],\n",
      "        [0.3028, 0.3298, 0.3674],\n",
      "        [0.2982, 0.3267, 0.3751],\n",
      "        [0.2955, 0.3242, 0.3803],\n",
      "        [0.2970, 0.3250, 0.3780],\n",
      "        [0.2991, 0.3266, 0.3743],\n",
      "        [0.2937, 0.3224, 0.3839],\n",
      "        [0.2989, 0.3263, 0.3748],\n",
      "        [0.2960, 0.3257, 0.3783],\n",
      "        [0.2968, 0.3238, 0.3794],\n",
      "        [0.2981, 0.3244, 0.3775],\n",
      "        [0.2912, 0.3204, 0.3884],\n",
      "        [0.2970, 0.3243, 0.3787],\n",
      "        [0.2947, 0.3236, 0.3817],\n",
      "        [0.2931, 0.3227, 0.3842],\n",
      "        [0.2949, 0.3229, 0.3822],\n",
      "        [0.2933, 0.3218, 0.3849],\n",
      "        [0.2942, 0.3230, 0.3827],\n",
      "        [0.3000, 0.3278, 0.3722],\n",
      "        [0.2996, 0.3280, 0.3724],\n",
      "        [0.2922, 0.3214, 0.3864],\n",
      "        [0.2910, 0.3216, 0.3874],\n",
      "        [0.2919, 0.3225, 0.3856],\n",
      "        [0.2959, 0.3248, 0.3793],\n",
      "        [0.2928, 0.3219, 0.3853],\n",
      "        [0.2942, 0.3231, 0.3827],\n",
      "        [0.2955, 0.3244, 0.3801],\n",
      "        [0.2859, 0.3165, 0.3976],\n",
      "        [0.2948, 0.3235, 0.3817],\n",
      "        [0.2997, 0.3259, 0.3744],\n",
      "        [0.3022, 0.3274, 0.3704],\n",
      "        [0.2920, 0.3212, 0.3868],\n",
      "        [0.2989, 0.3263, 0.3748],\n",
      "        [0.2943, 0.3230, 0.3827],\n",
      "        [0.2962, 0.3248, 0.3790],\n",
      "        [0.2932, 0.3225, 0.3843],\n",
      "        [0.3020, 0.3229, 0.3750],\n",
      "        [0.3054, 0.3249, 0.3698],\n",
      "        [0.3017, 0.3228, 0.3755],\n",
      "        [0.2953, 0.3191, 0.3857],\n",
      "        [0.2991, 0.3213, 0.3796],\n",
      "        [0.3019, 0.3229, 0.3752],\n",
      "        [0.3080, 0.3263, 0.3657],\n",
      "        [0.2976, 0.3204, 0.3821],\n",
      "        [0.2990, 0.3212, 0.3798],\n",
      "        [0.3030, 0.3235, 0.3734],\n",
      "        [0.2914, 0.3168, 0.3918],\n",
      "        [0.3047, 0.3245, 0.3708],\n",
      "        [0.2897, 0.3158, 0.3945],\n",
      "        [0.3021, 0.3230, 0.3750],\n",
      "        [0.3032, 0.3237, 0.3731],\n",
      "        [0.3018, 0.3228, 0.3753],\n",
      "        [0.3064, 0.3254, 0.3682],\n",
      "        [0.2980, 0.3207, 0.3813],\n",
      "        [0.2918, 0.3170, 0.3911],\n",
      "        [0.2965, 0.3198, 0.3837],\n",
      "        [0.3097, 0.3272, 0.3631],\n",
      "        [0.2996, 0.3216, 0.3788],\n",
      "        [0.2960, 0.3195, 0.3846],\n",
      "        [0.2995, 0.3215, 0.3790],\n",
      "        [0.2998, 0.3217, 0.3785],\n",
      "        [0.3009, 0.3223, 0.3768],\n",
      "        [0.2973, 0.3202, 0.3825],\n",
      "        [0.3024, 0.3232, 0.3744],\n",
      "        [0.3030, 0.3235, 0.3735],\n",
      "        [0.2967, 0.3199, 0.3835],\n",
      "        [0.2955, 0.3192, 0.3853],\n",
      "        [0.2949, 0.3188, 0.3863],\n",
      "        [0.2990, 0.3212, 0.3798],\n",
      "        [0.3010, 0.3224, 0.3766],\n",
      "        [0.3074, 0.3260, 0.3667],\n",
      "        [0.3108, 0.3279, 0.3614],\n",
      "        [0.3026, 0.3233, 0.3741],\n",
      "        [0.2916, 0.3169, 0.3915],\n",
      "        [0.3050, 0.3247, 0.3703],\n",
      "        [0.2982, 0.3208, 0.3811],\n",
      "        [0.2993, 0.3214, 0.3792],\n",
      "        [0.3035, 0.3238, 0.3728],\n",
      "        [0.2976, 0.3204, 0.3820],\n",
      "        [0.2956, 0.3193, 0.3851],\n",
      "        [0.3007, 0.3222, 0.3771],\n",
      "        [0.3040, 0.3241, 0.3719],\n",
      "        [0.3031, 0.3236, 0.3733],\n",
      "        [0.3008, 0.3222, 0.3770],\n",
      "        [0.2984, 0.3209, 0.3807],\n",
      "        [0.3016, 0.3227, 0.3756],\n",
      "        [0.3138, 0.3295, 0.3567],\n",
      "        [0.3037, 0.3239, 0.3725],\n",
      "        [0.3033, 0.3237, 0.3731],\n",
      "        [0.3039, 0.3240, 0.3721],\n",
      "        [0.3067, 0.3256, 0.3677],\n",
      "        [0.3013, 0.3225, 0.3762],\n",
      "        [0.3037, 0.3239, 0.3724],\n",
      "        [0.2994, 0.3215, 0.3791],\n",
      "        [0.2963, 0.3196, 0.3841],\n",
      "        [0.3138, 0.3295, 0.3567],\n",
      "        [0.3080, 0.3263, 0.3656],\n",
      "        [0.3009, 0.3223, 0.3769],\n",
      "        [0.3045, 0.3244, 0.3712],\n",
      "        [0.3017, 0.3228, 0.3755],\n",
      "        [0.3079, 0.3263, 0.3659],\n",
      "        [0.3103, 0.3276, 0.3621],\n",
      "        [0.3043, 0.3242, 0.3715],\n",
      "        [0.3130, 0.3291, 0.3579],\n",
      "        [0.2963, 0.3196, 0.3841],\n",
      "        [0.2931, 0.3178, 0.3891],\n",
      "        [0.3081, 0.3264, 0.3655],\n",
      "        [0.3065, 0.3255, 0.3680],\n",
      "        [0.2974, 0.3203, 0.3823],\n",
      "        [0.3005, 0.3221, 0.3774],\n",
      "        [0.3095, 0.3271, 0.3634],\n",
      "        [0.3041, 0.3241, 0.3718],\n",
      "        [0.3024, 0.3232, 0.3744],\n",
      "        [0.3059, 0.3251, 0.3690],\n",
      "        [0.3036, 0.3239, 0.3725],\n",
      "        [0.3000, 0.3218, 0.3783],\n",
      "        [0.2979, 0.3206, 0.3815],\n",
      "        [0.3107, 0.3278, 0.3614],\n",
      "        [0.3042, 0.3242, 0.3717],\n",
      "        [0.3004, 0.3221, 0.3775],\n",
      "        [0.2983, 0.3208, 0.3809],\n",
      "        [0.3016, 0.3227, 0.3757],\n",
      "        [0.3145, 0.3299, 0.3557],\n",
      "        [0.3062, 0.3253, 0.3684],\n",
      "        [0.3063, 0.3254, 0.3684],\n",
      "        [0.3054, 0.3249, 0.3698],\n",
      "        [0.3082, 0.3264, 0.3654],\n",
      "        [0.3063, 0.3254, 0.3683],\n",
      "        [0.3037, 0.3239, 0.3725],\n",
      "        [0.3088, 0.3267, 0.3645],\n",
      "        [0.3117, 0.3283, 0.3600],\n",
      "        [0.3059, 0.3251, 0.3690],\n",
      "        [0.2982, 0.3208, 0.3810],\n",
      "        [0.3052, 0.3248, 0.3700],\n",
      "        [0.3143, 0.3297, 0.3560],\n",
      "        [0.3070, 0.3257, 0.3673]], grad_fn=<SoftmaxBackward0>)\n"
     ]
    }
   ],
   "source": [
    "import torch\n",
    "import torch.nn as nn\n",
    "from sklearn.datasets import load_iris\n",
    "class IrisNet(nn.Module):\n",
    "    def __init__(self):\n",
    "        super().__init__()\n",
    "        self.layer1=nn.Linear(4,16)\n",
    "        self.layer2=nn.Linear(16,8)\n",
    "        self.layer3=nn.Linear(8,3)\n",
    "        self.relu=nn.ReLU()\n",
    "        \n",
    "        self.soft=nn.Softmax(dim=1)\n",
    "    def forward(self,x):\n",
    "        x=self.relu(self.layer1(x))\n",
    "        x=self.relu(self.layer2(x))\n",
    "        x=self.soft(self.layer3(x))\n",
    "        return x\n",
    "x=load_iris().data\n",
    "t=torch.from_numpy(x).float()\n",
    "i=IrisNet()\n",
    "print()\n",
    "output=i(t)\n",
    "\n",
    "\n",
    "print('output shape',output.shape)\n",
    "print(output)\n"
   ]
  }
 ],
 "metadata": {
  "kernelspec": {
   "display_name": "Python 3",
   "language": "python",
   "name": "python3"
  },
  "language_info": {
   "codemirror_mode": {
    "name": "ipython",
    "version": 3
   },
   "file_extension": ".py",
   "mimetype": "text/x-python",
   "name": "python",
   "nbconvert_exporter": "python",
   "pygments_lexer": "ipython3",
   "version": "3.13.5"
  }
 },
 "nbformat": 4,
 "nbformat_minor": 5
}
